# Camera parameter file. 

# The format of each camera is as follows:
# Filename (of the undistorted image in visualize folder)
# Original filename
# Focal Length (of the undistorted image)
# 2-vec Principal Point (image center)
# 3-vec Translation T (as in P = K[R T])
# 3-vec Camera Position C (as in P = K[R -RC])
# 3-vec Axis Angle format of R
# 4-vec Quaternion format of R
# 3x3 Matrix format of R
# [Normalized radial distortion] = [radial distortion] * [focal length]^2
# 3-vec Lat/Lng/Alt from EXIF

# The nubmer of cameras in this reconstruction
19

00000000.jpg
/home/pothole/Downloads/NIkithaStructureFromMotion/video_1_overlapping_batches_6fps/images/overlapping_batch_02/images/im16.jpg
917.074584961
640 360
-0.10994310439 0.0796221549438 -1.23696930586
0.439571608968 2.77555756156e-17 1.16416916225
0.0546562273055 -0.271125594365 -0.0490592929706
0.990153922067 0.0272383630614 -0.135117583826 -0.0244490865789
0.96229307931 0.0410559270595 -0.268907322864
-0.0557775088086 0.997320608651 -0.0473332806259
0.266241499397 0.0605474074377 0.962005469577
0.0330460941025
0 0 0

00000001.jpg
/home/pothole/Downloads/NIkithaStructureFromMotion/video_1_overlapping_batches_6fps/images/overlapping_batch_02/images/im15.jpg
914.708007812
640 360
-0.880214602829 0.269927495579 -0.837081298198
1.14448131973 -0.125932262777 0.471849135262
0.0290977075764 -0.36204350601 -0.121684428187
0.981715480312 0.014460072291 -0.179917103629 -0.0604709365385
0.927948510436 0.113527508614 -0.355004056322
-0.123933509421 0.992268607818 -0.00663194623011
0.3515055669 0.050150761028 0.934844018883
0.0291675454368
0 0 0

00000002.jpg
/home/pothole/Downloads/NIkithaStructureFromMotion/video_1_overlapping_batches_6fps/images/overlapping_batch_02/images/im17.jpg
908.544799805
640 360
0.361707157318 0.259052347439 -2.1176635341
0.169659965745 0.0179598393618 2.15715539787
0.127186337061 -0.248912858215 0.0346683311577
0.990099659953 0.0633831650229 -0.124045437059 0.017276923022
0.968629692738 -0.0499367770485 -0.243444668767
0.0184867253878 0.991367695793 -0.129797607291
0.247824711436 0.121224993252 0.961191958022
0.0330386154808
0 0 0

00000003.jpg
/home/pothole/Downloads/NIkithaStructureFromMotion/video_1_overlapping_batches_6fps/images/overlapping_batch_02/images/im18.jpg
897.78717041
640 360
0.807271746848 0.61704023869 -2.97057008136
-0.0663746948906 0.00947088632284 3.13881852696
0.196047148104 -0.245579233621 0.0511581556702
0.98735694883 0.0976101191178 -0.122271700856 0.0254711875032
0.968801137208 -0.0741687081705 -0.23647924121
0.0264279077343 0.979648142138 -0.198980675437
0.246424012731 0.186523442112 0.951045698266
0.0315419244789
0 0 0

00000004.jpg
/home/pothole/Downloads/NIkithaStructureFromMotion/video_1_overlapping_batches_6fps/images/overlapping_batch_02/images/im19.jpg
894.219177246
640 360
0.867825758514 0.966649967456 -4.02405912645
-0.155584052417 -0.0119440967735 4.22566052169
0.221439300315 -0.179425257475 0.0673596703891
0.989298452545 0.110324410463 -0.0893923785212 0.0335596071435
0.981765696989 -0.086125289005 -0.169466372881
0.0466765806552 0.973403962297 -0.22428716171
0.18427659408 0.212287912488 0.959676053549
0.0326335638199
0 0 0

00000005.jpg
/home/pothole/Downloads/NIkithaStructureFromMotion/video_1_overlapping_batches_6fps/images/overlapping_batch_02/images/im20.jpg
905.753845215
640 360
0.246170284777 0.81552258947 -4.90092229576
0.211446517471 0.149942697985 4.96764490865
0.194634213598 -0.0962885172644 0.0583763670197
0.993686655131 0.0971122216524 -0.0480428988219 0.0291267325949
0.993687785028 -0.0672172290268 -0.0898219139872
0.0485541529215 0.979442130948 -0.195796883541
0.101136435745 0.190199591284 0.976522758363
0.034780678211
0 0 0

00000006.jpg
/home/pothole/Downloads/NIkithaStructureFromMotion/video_1_overlapping_batches_6fps/images/overlapping_batch_02/images/im21.jpg
912.904846191
640 360
-0.614061386602 0.985280703343 -5.79566660597
0.63165543966 0.210521396971 5.8731783633
0.212085535518 -0.00797525460318 0.0748904327238
0.993675471517 0.105819116522 -0.0039792171309 0.0373662419149
0.997176513793 -0.0751020222375 -2.77555756156e-17
0.0734176499767 0.974813296581 -0.210597114848
0.0158162018353 0.210002327174 0.977573960402
0.0376920775687
0 0 0

00000007.jpg
/home/pothole/Downloads/NIkithaStructureFromMotion/video_1_overlapping_batches_6fps/images/overlapping_batch_02/images/im22.jpg
920.37286377
640 360
-1.37342258479 1.42755072861 -6.59756769068
0.746751732741 -2.77555756156e-17 6.84795086296
0.2226446981 0.0850599547106 0.0722781166052
0.992256364583 0.111034853874 0.0424201416984 0.0360457274933
0.993802962889 -0.0621133292354 0.0921879424786
0.0809530808494 0.972743942436 -0.217291655822
-0.0761786798684 0.223408505965 0.971743866894
0.0341440037122
0 0 0

00000008.jpg
/home/pothole/Downloads/NIkithaStructureFromMotion/video_1_overlapping_batches_6fps/images/overlapping_batch_02/images/im23.jpg
930.908996582
640 360
-2.11110136515 1.94827190162 -7.72316176408
0.65364241651 -0.438129035122 8.2024690893
0.207881510555 0.164892014876 0.112595793018
0.989632810288 0.103581315233 0.0821608989018 0.0561032113886
0.980204061852 -0.0940223762387 0.174240763964
0.128063938772 0.972247078894 -0.195795952654
-0.150995721141 0.214233919695 0.96504125605
0.0370660367589
0 0 0

00000009.jpg
/home/pothole/Downloads/NIkithaStructureFromMotion/video_1_overlapping_batches_6fps/images/overlapping_batch_02/images/im24.jpg
948.780517578
640 360
-1.56886932588 1.45598271644 -9.08008551333
-0.0688925104536 -0.437876447612 9.31840443759
0.123112455515 0.160560956912 0.160123429928
0.991689721518 0.0613856166358 0.0800579706289 0.0798398134687
0.974433088987 -0.14852396261 0.168587372767
0.16818132693 0.979715615822 -0.108967355506
-0.148983293625 0.134534584761 0.979645310247
0.0411122524806
0 0 0

00000010.jpg
/home/pothole/Downloads/NIkithaStructureFromMotion/video_1_overlapping_batches_6fps/images/overlapping_batch_02/images/im25.jpg
956.991516113
640 360
-0.732146637832 1.41461817268 -10.3703292052
-1.63282767425 -0.17945804079 10.3625507136
0.109518152364 0.210951966066 0.199656458618
0.987979573924 0.0545394907087 0.105053021302 0.0994279152327
0.958156348414 -0.18500647005 0.21842594586
0.207924527261 0.974279021 -0.0868773597354
-0.196735011039 0.128658251434 0.971979184546
0.027614984972
0 0 0

00000011.jpg
/home/pothole/Downloads/NIkithaStructureFromMotion/video_1_overlapping_batches_6fps/images/overlapping_batch_02/images/im26.jpg
958.264343262
640 360
-1.28697172604 2.3069090065 -11.6375846308
-2.85819578295 -0.0230798294528 11.5862706049
0.179430664133 0.330384113954 0.209896301833
0.976913781787 0.0890238676978 0.163918869677 0.104139282407
0.924571594308 -0.174284604962 0.33881099733
0.232655795873 0.962459778689 -0.139796474599
-0.3017274142 0.208078098449 0.930410775183
0.0343273359437
0 0 0

00000012.jpg
/home/pothole/Downloads/NIkithaStructureFromMotion/video_1_overlapping_batches_6fps/images/overlapping_batch_02/images/im27.jpg
957.491394043
640 360
-1.85070156104 3.41827124156 -13.1609197581
-4.02783852541 0 13.1185304486
0.235910920795 0.408448514879 0.221208032867
0.966264333686 0.116626017622 0.201922503348 0.109357429712
0.89453665992 -0.164237832997 0.415728789411
0.258434902822 0.948878609343 -0.181219778615
-0.364713263202 0.269546466217 0.891251780952
0.0377227745211
0 0 0

00000013.jpg
/home/pothole/Downloads/NIkithaStructureFromMotion/video_1_overlapping_batches_6fps/images/overlapping_batch_02/images/im28.jpg
978.734436035
640 360
-2.46377346104 3.77239548511 -14.7695001076
-4.93681708266 0.154318143733 14.6302154439
0.24234252735 0.464184492196 0.209952040282
0.960478448677 0.119570725644 0.229026564885 0.103589403319
0.873632282899 -0.144221082126 0.464722627972
0.253760475469 0.949943500472 -0.182240648661
-0.415177691015 0.277139771632 0.866499618118
0.0503376508775
0 0 0

00000014.jpg
/home/pothole/Downloads/NIkithaStructureFromMotion/video_1_overlapping_batches_6fps/images/overlapping_batch_02/images/im29.jpg
988.571960449
640 360
-3.49088169082 4.39659435658 -16.9238190104
-6.06420102257 0.362523344637 16.7638239787
0.256771147782 0.522841129794 0.217459064673
0.952065194709 0.126327563295 0.257230013916 0.106986606532
0.844773772554 -0.138725611009 0.516830226187
0.268707286507 0.945190310824 -0.185503791481
-0.462768746949 0.2955845131 0.835748456524
0.0460419054481
0 0 0

00000015.jpg
/home/pothole/Downloads/NIkithaStructureFromMotion/video_1_overlapping_batches_6fps/images/overlapping_batch_02/images/im12.jpg
928.355895996
640 360
-3.15998888428 0.121157716752 -0.188918710841
1.58121352402 0.870323609787 -2.60349781257
0.12784904043 -1.0303554426 -0.438123426117
0.845414399803 0.0605953250632 -0.488347216099 -0.207652958005
0.436794431341 0.291922394358 -0.850877100606
-0.410288809078 0.90641714814 0.100357198752
0.800545973768 0.305269840229 0.515690450095
0.05091954788
0 0 0

00000016.jpg
/home/pothole/Downloads/NIkithaStructureFromMotion/video_1_overlapping_batches_6fps/images/overlapping_batch_02/images/im30.jpg
1006.67950439
640 360
-4.3036645144 5.20441180645 -18.234618668
-6.7461572357 0.29292836951 18.2349202832
0.275462469802 0.553675618011 0.224810304601
0.946364460591 0.135259885965 0.27187043305 0.11038823614
0.827801894047 -0.135388980752 0.544439206252
0.28248103345 0.93903842012 -0.195987768332
-0.484714856644 0.316032827753 0.815582454908
0.0447686709138
0 0 0

00000017.jpg
/home/pothole/Downloads/NIkithaStructureFromMotion/video_1_overlapping_batches_6fps/images/overlapping_batch_02/images/im14.jpg
909.074951172
640 360
-1.61911961748 0.212655219608 -0.497571164722
1.67418897439 0.138208110408 -0.303868549074
0.0610771907012 -0.476961719953 -0.204612864279
0.966057635693 0.0301922897442 -0.235776503149 -0.101146284116
0.868357990422 0.181189059143 -0.461655038085
-0.209663501226 0.977715423092 -0.010639144279
0.449439726652 0.106030823907 0.88699600841
0.0271264476861
0 0 0

00000018.jpg
/home/pothole/Downloads/NIkithaStructureFromMotion/video_1_overlapping_batches_6fps/images/overlapping_batch_02/images/im13.jpg
919.45135498
640 360
-2.43237594422 -0.0315822033129 0.223698669922
1.67525522878 0.600095106452 -1.67358765758
0.0723814520172 -0.663138889788 -0.297818981692
0.934027372099 0.0353913037634 -0.324245358884 -0.145620207302
0.747319466116 0.249075623211 -0.61601556019
-0.294977414994 0.955084296222 0.0283204480165
0.595400601705 0.160546233814 0.787224764984
0.0341303401179
0 0 0

