# Camera parameter file. 

# The format of each camera is as follows:
# Filename (of the undistorted image in visualize folder)
# Original filename
# Focal Length (of the undistorted image)
# 2-vec Principal Point (image center)
# 3-vec Translation T (as in P = K[R T])
# 3-vec Camera Position C (as in P = K[R -RC])
# 3-vec Axis Angle format of R
# 4-vec Quaternion format of R
# 3x3 Matrix format of R
# [Normalized radial distortion] = [radial distortion] * [focal length]^2
# 3-vec Lat/Lng/Alt from EXIF

# The nubmer of cameras in this reconstruction
20

00000000.jpg
/home/pothole/Downloads/NIkithaStructureFromMotion/video_1_overlapping_batches_6fps/images/overlapping_batch_03/images/im21.jpg
782.268310547
640 360
-0.733644958688 0.107705499686 -4.11732030999
2.0235416914 -0.311872475509 3.64830313349
0.13853140621 -0.349150873285 0.532987870849
0.947323182113 0.0680451452284 -0.17149917502 0.261797942208
0.804102670234 -0.519354376768 -0.289302345565
0.472674661964 0.85366459119 -0.218717542412
0.360558231273 0.0391254316082 0.931917584049
0.0539094635733
0 0 0

00000001.jpg
/home/pothole/Downloads/NIkithaStructureFromMotion/video_1_overlapping_batches_6fps/images/overlapping_batch_03/images/im29.jpg
817.284667969
640 360
-2.79239305367 0.311062937327 -4.60075521462
1.54480038735 0.0141386849166 5.16473505634
0.367337972433 0.220605359665 0.685382149237
0.919436853846 0.178709657169 0.107324347478 0.333437918515
0.754602966382 -0.57479144505 0.316532963687
0.651508997961 0.713763588057 -0.257052095361
-0.078178877858 0.400196884396 0.913089958405
0.0490814540036
0 0 0

00000002.jpg
/home/pothole/Downloads/NIkithaStructureFromMotion/video_1_overlapping_batches_6fps/images/overlapping_batch_03/images/im22.jpg
782.616577148
640 360
-1.19968366471 0.215436159551 -4.14346859214
2.04790307186 -0.372123769831 3.78438091772
0.179359275514 -0.246627954945 0.531301468859
0.953456757512 0.0882839450547 -0.121394830353 0.261516386872
0.833746825258 -0.52012342368 -0.18531414367
0.477254841372 0.847632085821 -0.231843407714
0.27766474164 0.104856288255 0.954940242705
0.0300034366175
0 0 0

00000003.jpg
/home/pothole/Downloads/NIkithaStructureFromMotion/video_1_overlapping_batches_6fps/images/overlapping_batch_03/images/im23.jpg
787.066772461
640 360
-1.55706843215 0.169285013404 -4.20372525403
2.03289962689 -0.430534433309 3.97571526047
0.192859280538 -0.155006976453 0.58010137374
0.950693728225 0.0948395065773 -0.0762254485332 0.285267724202
0.825625288279 -0.556862718096 -0.0908247848388
0.527946226959 0.819256762026 -0.223815941821
0.199043438568 0.136837354543 0.97039220924
0.0311537695868
0 0 0

00000004.jpg
/home/pothole/Downloads/NIkithaStructureFromMotion/video_1_overlapping_batches_6fps/images/overlapping_batch_03/images/im24.jpg
808.541442871
640 360
-1.41578832568 -0.266836554242 -4.29346637068
1.96887200396 -0.418956306465 4.05677710384
0.102892044756 -0.139258143288 0.643951443209
0.944931841697 0.050498163345 -0.0683462019204 0.316043531283
0.790892423655 -0.604182685189 -0.0972456118543
0.590375699097 0.795132711797 -0.138635116756
0.16108439796 0.0522341732113 0.985559606356
0.0495834825389
0 0 0

00000005.jpg
/home/pothole/Downloads/NIkithaStructureFromMotion/video_1_overlapping_batches_6fps/images/overlapping_batch_03/images/im25.jpg
819.977783203
640 360
-1.41540513889 -0.409323707913 -4.38517043106
1.8390439424 -0.284186816236 4.23529807104
0.105149304732 -0.0842626489895 0.687155455728
0.939331554103 0.0515070813754 -0.0412758137535 0.336601103223
0.769992908165 -0.636612189683 -0.0428688708258
0.628107959929 0.76809433789 -0.124551362776
0.112217826294 0.0689775444068 0.991287828082
0.0554943647875
0 0 0

00000006.jpg
/home/pothole/Downloads/NIkithaStructureFromMotion/video_1_overlapping_batches_6fps/images/overlapping_batch_03/images/im26.jpg
811.237365723
640 360
-1.89962017459 -0.135169670396 -4.42959321249
1.75644188293 -0.165531187095 4.48726658568
0.21675039845 0.0283788324578 0.685964424887
0.935905411751 0.106049730217 0.0138849457604 0.335622645762
0.774330191721 -0.625277387714 0.0971752575996
0.631166814184 0.752222446305 -0.189184633105
0.0451952740834 0.207825432594 0.977123120953
0.038805605137
0 0 0

00000007.jpg
/home/pothole/Downloads/NIkithaStructureFromMotion/video_1_overlapping_batches_6fps/images/overlapping_batch_03/images/im27.jpg
805.983703613
640 360
-2.23161328227 0.170593433355 -4.47615659558
1.66062684438 -0.0988698353287 4.71991859689
0.30771743811 0.0978094555402 0.691988991622
0.927993517564 0.150147738807 0.0477251749967 0.337649315585
0.767432147824 -0.612341564763 0.189972078603
0.641003939529 0.726898172503 -0.246443546895
0.0128174665167 0.310900966266 0.950357554238
0.0423732563549
0 0 0

00000008.jpg
/home/pothole/Downloads/NIkithaStructureFromMotion/video_1_overlapping_batches_6fps/images/overlapping_batch_03/images/im28.jpg
812.331359863
640 360
-2.50443605854 0.215273706256 -4.53974208023
1.61091765825 -0.0401130685193 4.93264966113
0.330595201611 0.160829265413 0.680095033115
0.926215156999 0.1612117574 0.0784269353951 0.331642186438
0.76772640126 -0.589057341642 0.252209913536
0.639630737472 0.728049817091 -0.246614279825
-0.0383509515833 0.350652812938 0.935721849867
0.0485136834387
0 0 0

00000009.jpg
/home/pothole/Downloads/NIkithaStructureFromMotion/video_1_overlapping_batches_6fps/images/overlapping_batch_03/images/im30.jpg
821.635620117
640 360
-3.00013895369 0.468933281223 -4.65947178015
1.49793003047 0.0278809037871 5.35599969416
0.404118850531 0.251651806252 0.692059724296
0.91309089719 0.196171187643 0.122159195593 0.335946164988
0.744435329181 -0.565570650033 0.354890897644
0.661426890751 0.6973147595 -0.276166231147
-0.0912789003731 0.440322271764 0.89318985744
0.0477056477814
0 0 0

00000010.jpg
/home/pothole/Downloads/NIkithaStructureFromMotion/video_1_overlapping_batches_6fps/images/overlapping_batch_03/images/im31.jpg
830.939758301
640 360
-3.06945550602 0.446350470989 -4.82790251397
1.40671790729 0 5.56331906003
0.374426752978 0.272465978172 0.681184617309
0.916386657557 0.181965851348 0.132414426285 0.331045625954
0.745751952498 -0.558542138398 0.363163222934
0.654921040271 0.714595305051 -0.245831600065
-0.12220803113 0.421172713161 0.898710767048
0.0466660539076
0 0 0

00000011.jpg
/home/pothole/Downloads/NIkithaStructureFromMotion/video_1_overlapping_batches_6fps/images/overlapping_batch_03/images/im32.jpg
840.229003906
640 360
-2.82039223902 0.47056111713 -5.23558160599
1.39874773841 -0.00385497238508 5.79921066395
0.319054521764 0.219207936135 0.623240898342
0.933466731913 0.155973357637 0.107162241834 0.304678256849
0.791375806426 -0.535385286899 0.295107959207
0.602242779924 0.765687616221 -0.225891973032
-0.105021591471 0.356491788643 0.928377135704
0.058156215495
0 0 0

00000012.jpg
/home/pothole/Downloads/NIkithaStructureFromMotion/video_1_overlapping_batches_6fps/images/overlapping_batch_03/images/im33.jpg
850.000671387
640 360
-1.97635975363 0.325859858575 -5.86093813447
1.32531565266 0.00606421852776 6.05030840575
0.211095099572 0.0906692931699 0.566797384946
0.953608259086 0.103910267054 0.0446314030313 0.279002533716
0.840332254919 -0.522843226934 0.143104258538
0.541393254894 0.822720634189 -0.173274798728
-0.0271392396429 0.22308395674 0.974421958079
0.0517839526317
0 0 0

00000013.jpg
/home/pothole/Downloads/NIkithaStructureFromMotion/video_1_overlapping_batches_6fps/images/overlapping_batch_03/images/im34.jpg
849.725585938
640 360
-1.57097178501 0.477099634604 -6.23286013753
1.25429530564 -0.0053709203469 6.32224532106
0.202480117138 0.0267167376562 0.576327695619
0.953629702041 0.0996703230097 0.0131512462043 0.283695843294
0.838687660121 -0.538460204851 0.081635200303
0.543702925193 0.819164508366 -0.182635113852
0.0314695243059 0.197559207884 0.979786265974
0.0462953214509
0 0 0

00000014.jpg
/home/pothole/Downloads/NIkithaStructureFromMotion/video_1_overlapping_batches_6fps/images/overlapping_batch_03/images/im35.jpg
860.33581543
640 360
-1.02724371062 0.32885294805 -6.57074427877
1.20868839755 0 6.54805839096
0.143178378206 -0.0407869654466 0.554023794639
0.95914321167 0.0706115392218 -0.0201149813712 0.273228914834
0.849882991101 -0.526971908431 5.55111512313e-17
0.521290727149 0.840720369587 -0.146445090201
0.0771725913402 0.12446122384 0.989219441285
0.0444076477671
0 0 0

00000015.jpg
/home/pothole/Downloads/NIkithaStructureFromMotion/video_1_overlapping_batches_6fps/images/overlapping_batch_03/images/im36.jpg
872.719299316
640 360
-0.735190141435 0.0889631219537 -6.88414643495
1.19216494921 0.0021248704508 6.82045620703
0.08490555637 -0.0684033341033 0.511370607453
0.966020858571 0.0419708437349 -0.0338134012583 0.252782700846
0.869915849152 -0.491225089065 -0.044109843077
0.485548357747 0.868679105175 -0.0981844418378
0.0865479605821 0.0639944001613 0.994190242453
0.051430392114
0 0 0

00000016.jpg
/home/pothole/Downloads/NIkithaStructureFromMotion/video_1_overlapping_batches_6fps/images/overlapping_batch_03/images/im37.jpg
880.858886719
640 360
-0.249352473195 -0.0323420967811 -7.15390285147
1.17632904507 1.11022302463e-16 7.06100388519
0.0457196451071 -0.126356388337 0.50020457357
0.96665447807 0.0226051622649 -0.0624743839301 0.247316126901
0.869863929028 -0.480963204886 -0.109601091341
0.475313761387 0.876647444504 -0.0746045880764
0.131963480622 0.0128009372469 0.991172146358
0.0499304225811
0 0 0

00000017.jpg
/home/pothole/Downloads/NIkithaStructureFromMotion/video_1_overlapping_batches_6fps/images/overlapping_batch_03/images/im38.jpg
886.425292969
640 360
0.189797502456 -0.144384034223 -7.38719670808
1.13824365701 -0.0682898663555 7.3025525641
0.00456374529386 -0.173809110914 0.50831423409
0.96413967421 0.00225453064282 -0.0858632419921 0.251111738965
0.859140837004 -0.484600720206 -0.164435985709
0.48382644058 0.873875490528 -0.0474699085501
0.166700646935 -0.0387751787923 0.985244918014
0.0558090011302
0 0 0

00000018.jpg
/home/pothole/Downloads/NIkithaStructureFromMotion/video_1_overlapping_batches_6fps/images/overlapping_batch_03/images/im39.jpg
891.866638184
640 360
0.319223798364 -0.276445391023 -7.60881850199
1.16854865411 -0.0504596967406 7.53022990844
-0.013518829442 -0.184096656984 0.509874341339
0.963468923506 -0.00667690293512 -0.0909246998517 0.251825167322
0.856633545134 -0.484037089931 -0.17856906837
0.486465801553 0.873079422702 -0.0329283762603
0.171843422375 -0.0586603301934 0.98337649841
0.051681175756
0 0 0

00000019.jpg
/home/pothole/Downloads/NIkithaStructureFromMotion/video_1_overlapping_batches_6fps/images/overlapping_batch_03/images/im40.jpg
893.091491699
640 360
1.09460393862 -0.31018175998 -7.81424894381
1.24532379561 -0.0499373869096 7.7976608379
-0.0405447728896 -0.284672456545 0.460850654484
0.963343003456 -0.0200240674852 -0.140592734274 0.227602819015
0.856861163054 -0.432888623846 -0.279993052608
0.444149709214 0.895592231269 -0.0254185082001
0.261763054989 -0.102578689451 0.959665574905
0.0340516472808
0 0 0

