# Camera parameter file. 

# The format of each camera is as follows:
# Filename (of the undistorted image in visualize folder)
# Original filename
# Focal Length (of the undistorted image)
# 2-vec Principal Point (image center)
# 3-vec Translation T (as in P = K[R T])
# 3-vec Camera Position C (as in P = K[R -RC])
# 3-vec Axis Angle format of R
# 4-vec Quaternion format of R
# 3x3 Matrix format of R
# [Normalized radial distortion] = [radial distortion] * [focal length]^2
# 3-vec Lat/Lng/Alt from EXIF

# The nubmer of cameras in this reconstruction
20

00000000.jpg
/home/pothole/Downloads/NIkithaStructureFromMotion/video_1_overlapping_batches_6fps/images/overlapping_batch_04/images/im35.jpg
882.989807129
640 360
-1.49419432256 0.383340583839 -2.87422197806
0.618170835086 -0.0139113978172 3.20286744728
0.174147142797 0.275039307981 0.155026349112
0.983793640492 0.0866026793485 0.136775950583 0.0770939849317
0.950699027891 -0.127998808929 0.282471654888
0.175379479456 0.973114583872 -0.149309232082
-0.255765586534 0.191487428688 0.94758609653
0.0286143615458
0 0 0

00000001.jpg
/home/pothole/Downloads/NIkithaStructureFromMotion/video_1_overlapping_batches_6fps/images/overlapping_batch_04/images/im41.jpg
907.471069336
640 360
0.302282243037 0.58669418749 -4.43134601817
0.378415821043 -0.00611987824216 4.46420440298
0.130361000537 -0.154743900296 0.033587222465
0.994746571574 0.0650663198786 -0.0772364133023 0.0167641929085
0.987507365227 -0.0434027989168 -0.151479684225
0.0233016947671 0.99097239522 -0.132038597214
0.155842945107 0.126859397283 0.979603206183
0.0337456662392
0 0 0

00000002.jpg
/home/pothole/Downloads/NIkithaStructureFromMotion/video_1_overlapping_batches_6fps/images/overlapping_batch_04/images/im36.jpg
891.401306152
640 360
-1.34663202635 0.336897925144 -3.19200900956
0.53895228526 0 3.43879880847
0.130799923839 0.236562061915 0.10513680107
0.989503467379 0.065170977116 0.117866893734 0.052384342861
0.966728074403 -0.0883059412627 0.240087241916
0.119032014327 0.986018736909 -0.116625171643
-0.22643155824 0.141322459672 0.963721636511
0.0371965522289
0 0 0

00000003.jpg
/home/pothole/Downloads/NIkithaStructureFromMotion/video_1_overlapping_batches_6fps/images/overlapping_batch_04/images/im37.jpg
898.056213379
640 360
-1.09839133464 0.313447689246 -3.48128242039
0.468043311332 0 3.63385675018
0.107731206235 0.172452289526 0.090791639668
0.993808383241 0.0537543854373 0.0860481114497 0.0453020899306
0.981088531046 -0.0807923049287 0.175901102825
0.0992940820767 0.990117210094 -0.09904672775
-0.166160235258 0.114639507784 0.97941466926
0.0352043033975
0 0 0

00000004.jpg
/home/pothole/Downloads/NIkithaStructureFromMotion/video_1_overlapping_batches_6fps/images/overlapping_batch_04/images/im38.jpg
901.736022949
640 360
-0.870694502284 0.285811969982 -3.73932315821
0.405302990076 -0.0531691189033 3.82821067567
0.0772802304924 0.118464160528 0.0945601339929
0.99638413029 0.0385935314691 0.0591606712111 0.0472230670602
0.988541168821 -0.0895382154016 0.12153854167
0.0986710430081 0.992561694939 -0.0713205283359
-0.114248474058 0.0824954008146 0.990022476615
0.0348496184475
0 0 0

00000005.jpg
/home/pothole/Downloads/NIkithaStructureFromMotion/video_1_overlapping_batches_6fps/images/overlapping_batch_04/images/im39.jpg
907.968200684
640 360
-0.790703560636 0.215911696743 -3.93612651419
0.364965301854 -0.0228712290692 4.00388811514
0.0622834828924 0.104185313972 0.0944995796293
0.99704389331 0.0311110492911 0.0520413163788 0.0472032221595
0.990127273522 -0.0908891764927 0.106711951463
0.0973655611019 0.993608679125 -0.0571248970646
-0.100837955318 0.0669514297761 0.992650148101
0.0320238164409
0 0 0

00000006.jpg
/home/pothole/Downloads/NIkithaStructureFromMotion/video_1_overlapping_batches_6fps/images/overlapping_batch_04/images/im34.jpg
876.214294434
640 360
-1.73952630462 0.385436858268 -2.52816673049
0.713593382536 -0.0155556438249 3.00942692186
0.212593356461 0.350990646393 0.183436229857
0.974851869331 0.105404121075 0.174021715469 0.0909479717675
0.922891384066 -0.140636430057 0.358463407802
0.214006771101 0.961238746285 -0.173853029152
-0.320118170714 0.237160588708 0.917214538203
0.0288809873059
0 0 0

00000007.jpg
/home/pothole/Downloads/NIkithaStructureFromMotion/video_1_overlapping_batches_6fps/images/overlapping_batch_04/images/im33.jpg
880.446533203
640 360
-1.90452122957 0.279979268472 -2.16842622644
0.837895609064 0.00393507382729 2.77588880411
0.208442573167 0.41299136391 0.172974336965
0.969663931353 0.103165251621 0.204403339144 0.0856108266459
0.901781694987 -0.123852840716 0.414069063348
0.208202082211 0.964057309199 -0.165073080363
-0.378741118317 0.235069413502 0.895153554878
0.0310341411389
0 0 0

00000008.jpg
/home/pothole/Downloads/NIkithaStructureFromMotion/video_1_overlapping_batches_6fps/images/overlapping_batch_04/images/im40.jpg
917.695861816
640 360
-0.338952665811 0.245041309934 -4.19360743682
0.339795033875 0.00850109237057 4.20068134063
0.0643949442772 -0.00160162847556 0.0497149050498
0.999172706087 0.0321885927245 -0.000800593389351 0.0248505973404
0.998764652618 -0.0497116300467 0
0.0496085243231 0.996692645202 -0.064363610199
0.00319972425325 0.0642842429918 0.997927088536
0.0356028251009
0 0 0

00000009.jpg
/home/pothole/Downloads/NIkithaStructureFromMotion/video_1_overlapping_batches_6fps/images/overlapping_batch_04/images/im42.jpg
904.572875977
640 360
0.854031073891 0.776543638931 -4.57535600851
0.434188157726 -0.0143137204895 4.69867236821
0.162084734091 -0.277063377281 0.0193442206004
0.98710179296 0.0806936327674 -0.137935571446 0.0096304901387
0.961761903068 -0.0412734326003 -0.270758924955
-0.00324833626832 0.986792724133 -0.161962468315
0.273866874596 0.156648850026 0.948925171457
0.023342832086
0 0 0

00000010.jpg
/home/pothole/Downloads/NIkithaStructureFromMotion/video_1_overlapping_batches_6fps/images/overlapping_batch_04/images/im43.jpg
900.521057129
640 360
1.09483839054 0.856402193912 -4.80366245665
0.525892977785 0.000769868904844 4.97299180079
0.174204065231 -0.326457634781 -0.0148090844934
0.982906654202 0.0866051763656 -0.162297711012 -0.00736230450568
0.947211126485 -0.0136385891571 -0.320322179147
-0.0425844215127 0.984891669136 -0.167859835002
0.317771821315 0.172639381551 0.93231916788
0.0224923700432
0 0 0

00000011.jpg
/home/pothole/Downloads/NIkithaStructureFromMotion/video_1_overlapping_batches_6fps/images/overlapping_batch_04/images/im44.jpg
908.670471191
640 360
1.15713636228 0.994820309767 -4.97813956702
0.651577164319 -0.0727464620322 5.16532848742
0.179679820023 -0.351474863636 -0.00482726917917
0.980583062522 0.0892576818452 -0.174598525037 -0.0023979924764
0.939020040207 -0.0264657132724 -0.342844732652
-0.035871436498 0.984054864161 -0.174211725987
0.341988692921 0.175886558083 0.923097665656
0.0176765431208
0 0 0

00000012.jpg
/home/pothole/Downloads/NIkithaStructureFromMotion/video_1_overlapping_batches_6fps/images/overlapping_batch_04/images/im45.jpg
913.87713623
640 360
1.44048829827 1.03141515806 -5.11598542154
0.773323782879 -0.142564896818 5.35665711484
0.166547548608 -0.41628095434 0.00542867711726
0.974972981064 0.0825779101534 -0.206401184127 0.00269165661691
0.914782957107 -0.0393368929232 -0.402026810581
-0.02883972302 0.986347437635 -0.162133617117
0.402915500552 0.159911307812 0.901158860477
0.0184628161821
0 0 0

00000013.jpg
/home/pothole/Downloads/NIkithaStructureFromMotion/video_1_overlapping_batches_6fps/images/overlapping_batch_04/images/im46.jpg
921.670043945
640 360
1.65773411466 0.925564515874 -5.32927053954
0.900531599151 -0.163384840437 5.58285002034
0.136762878168 -0.460186458025 0.00342646126009
0.97132721162 0.0677266190053 -0.22788985821 0.00169682474812
0.896126924425 -0.0341647385465 -0.442481298677
-0.0275720503418 0.990820458196 -0.132342794116
0.442941183451 0.130796037847 0.886958825512
0.0166075577965
0 0 0

00000014.jpg
/home/pothole/Downloads/NIkithaStructureFromMotion/video_1_overlapping_batches_6fps/images/overlapping_batch_04/images/im47.jpg
931.902832031
640 360
1.878071482 0.883146228131 -5.53139518377
0.9972282044 -0.174744727179 5.82051763574
0.123312314591 -0.494107465246 -0.0156778462641
0.967725813303 0.0609914182757 -0.244390150212 -0.00775440865191
0.880426130805 -0.0148030444213 -0.473951661712
-0.0448196100987 0.992439831985 -0.114255683561
0.472058965795 0.121836195861 0.873107036141
0.0175903796505
0 0 0

00000015.jpg
/home/pothole/Downloads/NIkithaStructureFromMotion/video_1_overlapping_batches_6fps/images/overlapping_batch_04/images/im48.jpg
936.414550781
640 360
2.04754314518 1.183613988 -5.67116367305
1.14286386838 -0.278953627298 6.03087915816
0.150698130448 -0.531292528415 -0.000413434127901
0.962118951002 0.0743952066661 -0.262283396179 -0.000204100192197
0.862415201875 -0.0386324099101 -0.504726241397
-0.0394178845614 0.988930535767 -0.143046963676
0.50466506259 0.143261189112 0.851345765864
0.0145555674427
0 0 0

00000016.jpg
/home/pothole/Downloads/NIkithaStructureFromMotion/video_1_overlapping_batches_6fps/images/overlapping_batch_04/images/im49.jpg
943.439880371
640 360
2.15381967409 1.22143293951 -5.8753447092
1.30758468553 -0.29820389552 6.2331181284
0.149126061115 -0.554414556417 -0.0121136655062
0.959062510788 0.0735427518706 -0.273414129302 -0.00597395445105
0.850418849052 -0.0287564446588 -0.52532128443
-0.0516740276794 0.989111764324 -0.137797451188
0.523563680902 0.144330933849 0.839672985022
0.0165140361153
0 0 0

00000017.jpg
/home/pothole/Downloads/NIkithaStructureFromMotion/video_1_overlapping_batches_6fps/images/overlapping_batch_04/images/im50.jpg
943.445495605
640 360
2.02425687105 1.45821257994 -6.19861340875
1.5343475961 -0.347817123775 6.49396455048
0.171496874089 -0.540896588261 -0.0327759474328
0.959889318082 0.0845988655772 -0.26682257624 -0.0161682712048
0.857088748283 -0.0141062558609 -0.514975913861
-0.0761852591462 0.985163383118 -0.153782979346
0.509504649163 0.171039210211 0.843297880468
0.0263575850961
0 0 0

00000018.jpg
/home/pothole/Downloads/NIkithaStructureFromMotion/video_1_overlapping_batches_6fps/images/overlapping_batch_04/images/im32.jpg
875.653869629
640 360
-2.19371344245 0.194070037794 -1.61194180729
0.971811350223 0 2.55029050194
0.274176999591 0.554098045494 0.242429874827
0.945383312854 0.13458351898 0.271986581419 0.11900000988
0.823724611656 -0.151791444275 0.546294045453
0.298211050004 0.935452805686 -0.189733256107
-0.482232256122 0.319198796008 0.815821015549
0.0338741487759
0 0 0

00000019.jpg
/home/pothole/Downloads/NIkithaStructureFromMotion/video_1_overlapping_batches_6fps/images/overlapping_batch_04/images/im31.jpg
871.150146484
640 360
-2.213139845 0.0592697300977 -1.2736466588
1.04300271936 -0.00868705330201 2.33146867398
0.304620085374 0.612621726504 0.307669066968
0.930476004853 0.148763671652 0.299178753287 0.150252666365
0.775832429938 -0.190599143057 0.601461551484
0.368626859814 0.910586955708 -0.186937201755
-0.512053052897 0.366746905709 0.776722996779
0.0193296701813
0 0 0

