# Camera parameter file. 

# The format of each camera is as follows:
# Filename (of the undistorted image in visualize folder)
# Original filename
# Focal Length (of the undistorted image)
# 2-vec Principal Point (image center)
# 3-vec Translation T (as in P = K[R T])
# 3-vec Camera Position C (as in P = K[R -RC])
# 3-vec Axis Angle format of R
# 4-vec Quaternion format of R
# 3x3 Matrix format of R
# [Normalized radial distortion] = [radial distortion] * [focal length]^2
# 3-vec Lat/Lng/Alt from EXIF

# The nubmer of cameras in this reconstruction
9

00000000.jpg
/home/pothole/Downloads/NIkithaStructureFromMotion/video_1_overlapping_batches_6fps/images/overlapping_batch_01/images/im17.jpg
1820.50097656
640 360
0.0271858796582 -0.0157644662798 -0.00136064930359
0 0.0314554021698 0
0.0351688111049 0.0297097153381 1.04529803961
0.866247086073 0.016793194139 0.0141864624312 0.499132394894
0.501331769249 -0.864267432075 0.0413415808769
0.865220498489 0.501168803843 -0.0149317632953
-0.00781434609378 0.0432564586598 0.999035483426
-0.164438464236
0 0 0

00000001.jpg
/home/pothole/Downloads/NIkithaStructureFromMotion/video_1_overlapping_batches_6fps/images/overlapping_batch_01/images/im18.jpg
1801.33544922
640 360
0.411013570672 0.746943767283 -0.522974357146
-0.839013397414 0.0214446012189 0.544018660364
0.0706581066012 0.0105222678507 1.052827827
0.864005829812 0.0337125276989 0.00502040407582 0.502327177833
0.495285735458 -0.867690210471 0.0425446205372
0.86836423001 0.493061365205 -0.0532114997732
0.0251939869792 0.0632997821048 0.997677195131
-0.138534576664
0 0 0

00000002.jpg
/home/pothole/Downloads/NIkithaStructureFromMotion/video_1_overlapping_batches_6fps/images/overlapping_batch_01/images/im19.jpg
1768.1895752
640 360
0.333204120231 1.45646386157 -4.1384757471
-1.34512193797 -8.35448311226e-09 4.18926034083
0.102368523074 0.0341523491274 1.06021447399
0.861365390387 0.0487963434836 0.016279513553 0.505375950393
0.488662836879 -0.86903843405 0.0773661573391
0.872214977161 0.484429692303 -0.0676082014669
0.0212757191515 0.10051772435 0.994708813845
-0.0464344294797
0 0 0

00000003.jpg
/home/pothole/Downloads/NIkithaStructureFromMotion/video_1_overlapping_batches_6fps/images/overlapping_batch_01/images/im20.jpg
1743.55273438
640 360
-0.255712951908 1.0859696511 -9.51097669717
-0.963603389568 0.488598658599 9.51503580197
0.109810854474 0.0822870003989 1.06298071012
0.859809852004 0.0523148779725 0.0392022665264 0.506413563607
0.484018912048 -0.866737402703 0.120399121173
0.874940082007 0.481619058935 -0.0502565474805
-0.0144268587478 0.129666842468 0.991453955426
0.145426260359
0 0 0

00000004.jpg
/home/pothole/Downloads/NIkithaStructureFromMotion/video_1_overlapping_batches_6fps/images/overlapping_batch_01/images/im16.jpg
1858.19006348
640 360
-0.470070178855 -0.733907900211 1.36890349519
0.918728809961 1.43093905891e-08 -1.33768974288
-0.000702007479358 0.040964553056 0.973325105902
0.883697414163 -0.000337287655787 0.0196818958158 0.467645364105
0.561841879902 -0.826527247336 0.0344699742759
0.826500748682 0.562616249084 0.0190045242132
-0.0351013874769 0.0178122832963 0.99922635021
-0.149225565925
0 0 0

00000005.jpg
/home/pothole/Downloads/NIkithaStructureFromMotion/video_1_overlapping_batches_6fps/images/overlapping_batch_01/images/im15.jpg
1960.12585449
640 360
-1.74487267971 -1.45172649119 5.36154134655
2.36034810813 -0.402008378909 -5.30709924946
-0.0326794065609 0.0162519959764 0.92290376707
0.895246764823 -0.0157650705641 0.00784022386998 0.445223599291
0.60342974965 -0.797417239427 0
0.796922708127 0.603056374864 0.0352084615024
-0.0280757402204 -0.0212460521765 0.999380955194
-0.175753069237
0 0 0

00000006.jpg
/home/pothole/Downloads/NIkithaStructureFromMotion/video_1_overlapping_batches_6fps/images/overlapping_batch_01/images/im14.jpg
2081.67138672
640 360
-2.95189477781 -2.57043564512 11.3178059177
3.78217566194 -2.14866253956e-08 -11.3625934018
-0.0487493715187 -0.0310425567077 0.877729538292
0.904830635043 -0.0235964241929 -0.0150256980405 0.424852215873
0.638550028047 -0.768129543383 -0.0472415378528
0.769547657768 0.637888473965 0.0299340785207
0.00714130974708 -0.0554689914281 0.998435410441
-0.123681581206
0 0 0

00000007.jpg
/home/pothole/Downloads/NIkithaStructureFromMotion/video_1_overlapping_batches_6fps/images/overlapping_batch_01/images/im13.jpg
2381.69067383
640 360
-4.84740877735 -3.67219706491 23.7275678845
4.74949283646 1.82981906649 -23.9598323736
-0.091129127546 -0.0978697167649 0.814714995746
0.915997838862 -0.044281431579 -0.0475568161716 0.395886006066
0.682025968137 -0.721049797991 -0.122184577505
0.729473105979 0.682626841604 0.0434691620603
0.0520631858407 -0.118777620452 0.99155535346
-0.0291234080129
0 0 0

00000008.jpg
/home/pothole/Downloads/NIkithaStructureFromMotion/video_1_overlapping_batches_6fps/images/overlapping_batch_01/images/im12.jpg
4198.99267578
640 360
-10.9805101108 -4.61386632688 77.3552558915
1.58655748865 11.6911067827 -77.3724387475
-0.144796845187 -0.190471759981 0.709574648884
0.93072224432 -0.0707187041672 -0.0930263088876 0.346555890871
0.742490050953 -0.63193727127 -0.22217928447
0.658251834863 0.749795476276 0.0671612154615
0.124147335485 -0.19611666877 0.972690057057
0.576955196613
0 0 0

