# Camera parameter file. 

# The format of each camera is as follows:
# Filename (of the undistorted image in visualize folder)
# Original filename
# Focal Length (of the undistorted image)
# 2-vec Principal Point (image center)
# 3-vec Translation T (as in P = K[R T])
# 3-vec Camera Position C (as in P = K[R -RC])
# 3-vec Axis Angle format of R
# 4-vec Quaternion format of R
# 3x3 Matrix format of R
# [Normalized radial distortion] = [radial distortion] * [focal length]^2
# 3-vec Lat/Lng/Alt from EXIF

# The nubmer of cameras in this reconstruction
20

00000000.jpg
/home/pothole/Downloads/NIkithaStructureFromMotion/video_1_overlapping_batches_6fps/images/overlapping_batch_05/images/im46.jpg
893.813598633
640 360
0.195930353135 0.463936576109 -2.30575286995
-0.0865127479083 -0.0317216079725 2.35830764402
0.212558709795 0.0111667466113 -0.534341438796
0.958931608858 0.104820424697 0.0055067285806 -0.263503182729
0.861074079268 0.506517775323 -0.0446798832003
-0.504208348492 0.839159063132 -0.203933338488
-0.0658021875896 0.198129135496 0.977966179472
-0.0127209581221
0 0 0

00000001.jpg
/home/pothole/Downloads/NIkithaStructureFromMotion/video_1_overlapping_batches_6fps/images/overlapping_batch_05/images/im51.jpg
901.223876953
640 360
0.211660714246 0.946679399923 -3.2842723704
0.185196864526 0.00413045224361 3.41951345497
0.276533026432 -0.0355781639523 -0.561302459512
0.95130173262 0.13601469419 -0.0174993676244 -0.27608052233
0.846949081356 0.520511747449 -0.10839640853
-0.530031769493 0.810560667946 -0.249119405863
-0.041807693567 0.268444651117 0.962390196641
0.0126163348047
0 0 0

00000002.jpg
/home/pothole/Downloads/NIkithaStructureFromMotion/video_1_overlapping_batches_6fps/images/overlapping_batch_05/images/im50.jpg
893.224609375
640 360
0.338873134466 0.866797132723 -3.1072294054
0.104610182109 -0.00406045352893 3.24192143191
0.283399788512 -0.0578291036205 -0.562682005538
0.950382333122 0.13934844292 -0.0284347267417 -0.276672264798
0.845288238349 0.51796422514 -0.131155467607
-0.533813504977 0.808069502097 -0.249134253577
-0.0230600198372 0.280602939621 0.959548575992
0.00465564800381
0 0 0

00000003.jpg
/home/pothole/Downloads/NIkithaStructureFromMotion/video_1_overlapping_batches_6fps/images/overlapping_batch_05/images/im49.jpg
901.856018066
640 360
0.404169852362 0.712000820475 -2.86335747829
0.0349807910748 -0.0327762578384 2.97771463976
0.25982087951 -0.0761140267946 -0.545650475678
0.953978817173 0.127911380126 -0.0374713927248 -0.268627007737
0.852873247264 0.50294313518 -0.140214725006
-0.522114765226 0.822958109737 -0.223917811619
0.00277293463151 0.264181176842 0.964470977462
0.000391118469718
0 0 0

00000004.jpg
/home/pothole/Downloads/NIkithaStructureFromMotion/video_1_overlapping_batches_6fps/images/overlapping_batch_05/images/im48.jpg
897.648803711
640 360
0.366695147038 0.66155240379 -2.68056390011
-0.0158375238613 -0.0609104913128 2.78452015971
0.250738157902 -0.0539840983303 -0.534318066457
0.956410999141 0.123542158942 -0.0265987120272 -0.263265902741
0.859968548668 0.497008754357 -0.11592745202
-0.510152865964 0.830858025158 -0.22230903565
-0.014170249037 0.250319283029 0.968061423283
-0.00499869487626
0 0 0

00000005.jpg
/home/pothole/Downloads/NIkithaStructureFromMotion/video_1_overlapping_batches_6fps/images/overlapping_batch_05/images/im47.jpg
899.038574219
640 360
0.306163232869 0.473922920037 -2.50459502426
-0.0933618349374 -0.0286825777067 2.56549954206
0.214158976442 -0.0264107527262 -0.555185893883
0.955977908218 0.105503540113 -0.0130110255286 -0.273507457864
0.850049007329 0.520188684718 -0.0825884947212
-0.525679665086 0.828125987671 -0.194600911823
-0.0328354828468 0.208835302524 0.977400049002
-0.00866033439491
0 0 0

00000006.jpg
/home/pothole/Downloads/NIkithaStructureFromMotion/video_1_overlapping_batches_6fps/images/overlapping_batch_05/images/im45.jpg
889.991210938
640 360
0.117207623606 0.478101604125 -2.09370984058
-0.110346746066 -0.043473293496 2.14752721072
0.227481453401 0.0615835497164 -0.526348089488
0.958714487647 0.112171094185 0.0303668455261 -0.259542218662
0.863431189222 0.504466067796 0
-0.490841472953 0.840111684781 -0.230843147963
-0.116452539 0.1993170644 0.972991001295
-0.0141249384785
0 0 0

00000007.jpg
/home/pothole/Downloads/NIkithaStructureFromMotion/video_1_overlapping_batches_6fps/images/overlapping_batch_05/images/im44.jpg
888.457458496
640 360
0.0291871800291 0.413691454735 -1.92348873943
-0.1641990197 -0.022085535949 1.9607002238
0.222302170062 0.127397275287 -0.534112977512
0.95645433142 0.109532969319 0.0627713253605 -0.263168732732
0.853604366203 0.51716887848 0.0624245208343
-0.489666618784 0.837489651855 -0.242565293732
-0.177727103286 0.176487838022 0.96812553431
-0.0088482085946
0 0 0

00000008.jpg
/home/pothole/Downloads/NIkithaStructureFromMotion/video_1_overlapping_batches_6fps/images/overlapping_batch_05/images/im43.jpg
883.232727051
640 360
0.036584842216 0.308942807465 -1.75065820551
-0.220627438022 1.11022302463e-16 1.76434416036
0.210236710176 0.149329988802 -0.543747167788
0.955070797486 0.103539293864 0.0735433958242 -0.267789567989
0.845760936146 0.526745163778 0.0850249229576
-0.496286821251 0.835137775255 -0.237163081196
-0.195931675841 0.158386342652 0.967742201437
-0.00614157251542
0 0 0

00000009.jpg
/home/pothole/Downloads/NIkithaStructureFromMotion/video_1_overlapping_batches_6fps/images/overlapping_batch_05/images/im42.jpg
892.835754395
640 360
-0.0450065451695 0.254043244415 -1.5074858262
-0.185544228706 -0.0154074675466 1.51802824463
0.177190928102 0.193857646625 -0.513102384872
0.958755503122 0.0873740565045 0.0955925292084 -0.253014289437
0.85369186062 0.50186202673 0.139086058931
-0.468453342735 0.856700201322 -0.215913293569
-0.227513394813 0.119168136446 0.966456397121
-0.0049609107273
0 0 0

00000010.jpg
/home/pothole/Downloads/NIkithaStructureFromMotion/video_1_overlapping_batches_6fps/images/overlapping_batch_05/images/im41.jpg
902.232421875
640 360
-0.212634675158 0.16384529252 -1.28732502377
-0.150150042202 -0.00230845899546 1.30641224829
0.108548797281 0.303777134706 -0.507733432334
0.955107996674 0.0534597794964 0.149608830722 -0.25005636189
0.830178036554 0.49365764202 0.259049569726
-0.461665681422 0.869228273528 -0.176940959137
-0.312520792656 0.0272984924526 0.949518831161
0.0168010440965
0 0 0

00000011.jpg
/home/pothole/Downloads/NIkithaStructureFromMotion/video_1_overlapping_batches_6fps/images/overlapping_batch_05/images/im52.jpg
900.312255859
640 360
0.193760069605 1.07132477025 -3.48062674836
0.25867029316 0 3.63773677234
0.286907805918 -0.0432416406752 -0.531345614215
0.954534538783 0.141273175 -0.0212921494097 -0.261634157015
0.862188606083 0.493461706454 -0.114571964709
-0.505493651133 0.823178940944 -0.258558724335
-0.0332755966427 0.280841775429 0.959177195894
0.0169471333495
0 0 0

00000012.jpg
/home/pothole/Downloads/NIkithaStructureFromMotion/video_1_overlapping_batches_6fps/images/overlapping_batch_05/images/im53.jpg
902.987243652
640 360
0.164337599223 1.10373523797 -3.73068499499
0.302370352053 0.0299774245754 3.882127593
0.279643416403 -0.0456075812044 -0.520364905011
0.956437633796 0.137785428356 -0.0224716898161 -0.256393310668
0.86751567027 0.484256025604 -0.113640099602
-0.496640819902 0.830555461815 -0.252043156409
-0.0276690202621 0.275089519863 0.961020657277
0.0281581047406
0 0 0

00000013.jpg
/home/pothole/Downloads/NIkithaStructureFromMotion/video_1_overlapping_batches_6fps/images/overlapping_batch_05/images/im54.jpg
902.84375
640 360
0.143920615588 1.18320696849 -3.96631816175
0.307678044782 0.0365252530402 4.12993303202
0.283158719546 -0.0387665219164 -0.492546290739
0.95973792837 0.139674117384 -0.0191224191909 -0.242959032093
0.881210947443 0.461012066246 -0.104575172518
-0.471695926315 0.842924935976 -0.258809168681
-0.0311651285993 0.277393023578 0.960251681191
0.0254713409268
0 0 0

00000014.jpg
/home/pothole/Downloads/NIkithaStructureFromMotion/video_1_overlapping_batches_6fps/images/overlapping_batch_05/images/im55.jpg
891.671447754
640 360
0.00574271453037 1.51417111189 -4.13639145288
0.38059772662 -0.000186774448411 4.38834994318
0.324314354113 -0.00336440194395 -0.477068606727
0.958689519937 0.159918035955 -0.00165897236498 -0.23524051167
0.889318787389 0.450514723728 -0.0784192881305
-0.451575729084 0.838176339517 -0.305842944036
-0.0720575304498 0.307404036439 0.94884725564
0.0232595895522
0 0 0

00000015.jpg
/home/pothole/Downloads/NIkithaStructureFromMotion/video_1_overlapping_batches_6fps/images/overlapping_batch_05/images/im56.jpg
890.691467285
640 360
-0.221882035847 1.60795643836 -4.34077584554
0.425529665358 0.0163318677367 4.61472970827
0.317225328103 0.0423503456488 -0.48690845399
0.957861311379 0.1563784318 0.0208768974355 -0.240024908857
0.883904774631 0.466350537897 -0.0350750862232
-0.45329175795 0.835868079448 -0.309599635412
-0.115063775644 0.289555763609 0.950220313271
0.022717564432
0 0 0

00000016.jpg
/home/pothole/Downloads/NIkithaStructureFromMotion/video_1_overlapping_batches_6fps/images/overlapping_batch_05/images/im57.jpg
883.941894531
640 360
-0.611438688308 1.67828471588 -4.53809302975
0.443474010883 0.044056270478 4.85655810383
0.302976589167 0.117601315994 -0.47621944583
0.958735818983 0.149398825317 0.0579896239295 -0.234825489308
0.882988846458 0.467598535246 0.0410281172799
-0.432943895995 0.845073820965 -0.313702856652
-0.181358801082 0.25923316393 0.948634814983
0.0211032106605
0 0 0

00000017.jpg
/home/pothole/Downloads/NIkithaStructureFromMotion/video_1_overlapping_batches_6fps/images/overlapping_batch_05/images/im58.jpg
867.065551758
640 360
-1.13144532314 1.98195570844 -4.57904938859
0.453763046116 0 5.09608857533
0.322689507682 0.228996658311 -0.454860933368
0.954909705653 0.158912357321 0.112772178594 -0.224001777107
0.874211659674 0.463644858112 0.144181241483
-0.391961026059 0.849140165615 -0.354016272014
-0.286567749985 0.2529715374 0.924058358509
0.00943860053021
0 0 0

00000018.jpg
/home/pothole/Downloads/NIkithaStructureFromMotion/video_1_overlapping_batches_6fps/images/overlapping_batch_05/images/im59.jpg
867.264892578
640 360
-1.63524466479 1.9298040926 -4.66252687394
0.423027892552 -0.0619508905141 5.28720479159
0.280221601674 0.318221663673 -0.407733264399
0.957056516448 0.13809938418 0.156826652632 -0.200939943197
0.870057235585 0.427937081639 0.244684539433
-0.341306446566 0.881103522878 -0.327363298026
-0.355683339984 0.201312364159 0.912667944237
0.0039208255124
0 0 0

00000019.jpg
/home/pothole/Downloads/NIkithaStructureFromMotion/video_1_overlapping_batches_6fps/images/overlapping_batch_05/images/im60.jpg
860.407287598
640 360
-2.16100166302 1.92149815485 -4.63885224381
0.297989409143 -0.0926859945181 5.45743990277
0.262703348545 0.429191871942 -0.360977974561
0.952441373603 0.129262694577 0.211183063196 -0.177618541724
0.847706994894 0.392938750677 0.356360108407
-0.283746240751 0.903485674679 -0.321250319411
-0.448197838762 0.171210234102 0.877385611034
-0.0117534893602
0 0 0

